# nothing

[/tmp/zathura.stdin.CCQ4TZ]
page=0
offset=0
zoom=0.82102272727272729
rotate=0
pages-per-row=1
first-page-column=1:2
page-right-to-left=false
position-x=0.5
position-y=0.083333333333333329
time=1544984361
jumplist=

[/tmp/zathura.stdin.08LCUZ]
page=3
offset=0
zoom=0.87641573208265067
rotate=0
pages-per-row=1
first-page-column=1:2
page-right-to-left=false
position-x=0.3314685314685315
position-y=0.64401440144014455
time=1544985265
jumplist=
